STA,160,50,70,80,50,40,60
QMS,4050,150,210,90,150,120,180
TRI,5670,450,630,65,450,360,540
SGU,95,1350,1890,78,1350,1080,1620
MKA,4050,4050,5670,95,4050,3240,4860
DFB,3240,12150,170,87,12150,9720,14580
WSC,4860,36450,630,46,450,360,540
UIA,12150,15,21,57,15,12,18
PTD,170,45,63,84,45,36,54
MKN,87,135,189,32,135,108,162
